8 0.240625 0.309375 0.05703125 0.15625
8 0.37578125 0.4375 0.1 0.4322916666666667
8 0.1578125 0.4583333333333333 0.10078125 0.45416666666666666
0 0.5359375 0.4864583333333333 0.06484375 0.20520833333333333
0 0.4703125 0.4895833333333333 0.06640625 0.2
8 0.30625 0.49583333333333335 0.1296875 0.4708333333333333
8 0.21640625 0.5166666666666667 0.153125 0.46979166666666666
0 0.76484375 0.5583333333333333 0.09453125 0.14166666666666666
0 0.86640625 0.6041666666666666 0.10625 0.146875
0 0.7921875 0.7291666666666666 0.11640625 0.2875
0 0.89140625 0.8052083333333333 0.1625 0.3229166666666667