12 0 0.46291909583333335 0.1642706265625 0.4442011833333333 0.23020237500000001 0.44084872291666666 0.4548173125 0.4263213875 0.4209202 0.3190426104166667 0.4086278390625 0.2913848020833333 0.3974529671875 0.29222291666666667 0.3893229171875 0.27860830208333337 0.3736979171875 0.27860830208333337 0.0800865859375 0.3067502520833333 0.006510417187500001 0.30204580208333337 0 0.30692861458333337 0 0.46291909583333335
4 0.0221354171875 0.51171875 0.0455729171875 0.521484375 0.06901041718749999 0.521484375 0.1002604171875 0.51171875 0.1145833328125 0.5009765625 0.1432291671875 0.4755859375 0.1510416671875 0.4677734375 0.15625 0.4599609375 0.15625 0.4404296875 0.1536458328125 0.4365234375 0.14453125 0.4296875 0.13671875 0.42578125 0.1184895828125 0.421875 0.1028645828125 0.421875 0.07682291718749999 0.42578125 0.05598958281250001 0.435546875 0.046875 0.4423828125 0.03125 0.4560546875 0.015625 0.4736328125 0.0078125 0.4853515625 0.0078125 0.4951171875 0.013020832812499999 0.5048828125 0.0221354171875 0.51171875
7 0.1783854171875 0.638671875 0.18359375 0.63671875 0.1901041671875 0.6318359375 0.203125 0.6162109375 0.22135416718749998 0.5673828125 0.20833333281250002 0.5263671875 0.203125 0.5205078125 0.1966145828125 0.517578125 0.14453125 0.517578125 0.1341145828125 0.51953125 0.1041666671875 0.5419921875 0.09895833281250001 0.5634765625 0.1432291671875 0.6357421875 0.15234375 0.638671875 0.1783854171875 0.638671875
3 0.3022716921875 0.5353566437499999 0.34664545156250004 0.5345467229166666 0.434571584375 0.531829025 0.4322916671875 0.39327531666666665 0.4296875 0.38741594166666665 0.4231770828125 0.38253312916666665 0.3763020828125 0.38253312916666665 0.32421875 0.38448625416666665 0.31640625 0.38643937916666665 0.3098958328125 0.39132219166666665 0.3072916671875 0.39718156666666665 0.2994791671875 0.43429094166666665 0.2916666671875 0.5046034416666667 0.2900001875 0.5282146270833333 0.295105134375 0.53285325625 0.3022716921875 0.5353566437499999
6 0.3984375 0.6162109375 0.4049479171875 0.619140625 0.4283854171875 0.619140625 0.4674479171875 0.61328125 0.5950520828125 0.58984375 0.609375 0.5849609375 0.609375 0.5712890625 0.5755208328125 0.4951171875 0.5677083328125 0.4833984375 0.5611979171875 0.4765625 0.5533854171875 0.474609375 0.4049479171875 0.498046875 0.3763020828125 0.50390625 0.3697916671875 0.5087890625 0.3697916671875 0.5205078125 0.3958333328125 0.6123046875 0.3984375 0.6162109375
15 0.87109375 0.578125 0.875 0.5771484375 0.9166666671874999 0.5302734375 0.9166666671874999 0.5205078125 0.9114583328125001 0.5087890625 0.8984375 0.4873046875 0.88671875 0.478515625 0.84765625 0.45703125 0.7591145828125 0.458984375 0.7486979171875 0.462890625 0.7174479171875 0.478515625 0.7109375 0.4833984375 0.7109375 0.4931640625 0.8033854171874999 0.5546875 0.87109375 0.578125
15 0.7591145828125 0.4140625 0.77734375 0.419921875 0.83203125 0.419921875 0.8372395828125001 0.41796875 0.8463541671874999 0.4111328125 0.8645833328125001 0.3916015625 0.8645833328125001 0.3779296875 0.83984375 0.345703125 0.77734375 0.353515625 0.75390625 0.361328125 0.7421875 0.3701171875 0.7395833328125 0.3740234375 0.7395833328125 0.3955078125 0.7447916671875 0.4033203125 0.7591145828125 0.4140625
8 0.4192708328125 0.3525390625 0.4309895828125 0.35546875 0.49609375 0.353515625 0.5 0.3505859375 0.5 0.2744140625 0.4973958328125 0.2568359375 0.4947916671875 0.2470703125 0.4739583328125 0.2080078125 0.4674479171875 0.19921875 0.4622395828125 0.197265625 0.4361979171875 0.197265625 0.4309895828125 0.19921875 0.4244791671875 0.2041015625 0.4088541671875 0.2490234375 0.40625 0.2568359375 0.40625 0.2724609375 0.4140625 0.3408203125 0.4192708328125 0.3525390625
1 1 0.6552734375 0.9973958328125001 0.6455078125 0.9934895828125001 0.642578125 0.9908854171874999 0.642578125 0.984375 0.6474609375 0.8776041671874999 0.7998046875 0.8776041671874999 0.8076171875 0.87890625 0.80859375 0.9309895828125001 0.822265625 0.9388020828125001 0.822265625 0.9973958328125001 0.7490234375 1 0.7431640625 1 0.6552734375
5 0.890625 0.9599609375 0.8958333328125001 0.9697265625 0.9049479171874999 0.974609375 0.91015625 0.974609375 0.9192708328125001 0.9697265625 0.9192708328125001 0.9560546875 0.875 0.7998046875 0.8645833328125001 0.7685546875 0.8541666671874999 0.7470703125 0.8463541671874999 0.7353515625 0.8450520828125001 0.734375 0.8346354171874999 0.734375 0.8307291671874999 0.7373046875 0.8255208328125001 0.7451171875 0.8255208328125001 0.7568359375 0.8307291671874999 0.7783203125 0.890625 0.9599609375
5 0.2955729171875 0.888671875 0.2994791671875 0.8857421875 0.3125 0.8642578125 0.328125 0.8310546875 0.3828125 0.6884765625 0.3880208328125 0.6728515625 0.3880208328125 0.6630859375 0.38671875 0.662109375 0.37890625 0.662109375 0.3580729171875 0.66796875 0.3307291671875 0.6943359375 0.3229166671875 0.7060546875 0.2552083328125 0.8642578125 0.2526041671875 0.8740234375 0.2526041671875 0.8896484375 0.25390625 0.890625 0.2955729171875 0.888671875
2 0.1966145828125 0.80078125 0.20182291718749998 0.80078125 0.25390625 0.79296875 0.2552083328125 0.7919921875 0.2994791671875 0.7158203125 0.2994791671875 0.7099609375 0.29296875 0.703125 0.2799479171875 0.697265625 0.23046875 0.6953125 0.16015625 0.712890625 0.1549479171875 0.71484375 0.1510416671875 0.7197265625 0.1328125 0.7490234375 0.1328125 0.7529296875 0.19140625 0.798828125 0.1966145828125 0.80078125
15 0.14453125 1 0.1575520828125 0.994140625 0.1796875 0.9775390625 0.1848958328125 0.9716796875 0.1927083328125 0.9580078125 0.1953125 0.9482421875 0.203125 0.8916015625 0.203125 0.8818359375 0.20052083281250002 0.8662109375 0.1953125 0.8525390625 0.1796875 0.8310546875 0.06640625 0.751953125 0.0377604171875 0.751953125 0.00390625 0.767578125 0 0.7705078125 0 0.9658203125 0.0026041671875 0.9716796875 0.010416667187500001 0.9814453125 0.02734375 0.994140625 0.04296875 1 0.14453125 1