12 0 0.5184974291666667 0.1474609375 0.5234375 0.1826171875 0.5234375 0.1875 0.5169270833333334 0.1953125 0.46484375 0.1953125 0.45703125 0.154296875 0.3450520833333333 0.1455078125 0.3307291666666667 0.1416015625 0.328125 0.0966796875 0.3255208333333333 0.0009765625 0.3255208333333333 0 0.3268229166666667 0 0.4544270833333333 0 0.5184974291666667
15 0.6513671875 0.7265625 0.6552734375 0.7291666666666666 0.7158203125 0.7265625 0.71875 0.72265625 0.71875 0.7018229166666666 0.71484375 0.6393229166666666 0.708984375 0.5872395833333334 0.705078125 0.5638020833333334 0.6982421875 0.5546875 0.6728515625 0.5546875 0.6376953125 0.5625 0.6201171875 0.5755208333333334 0.6171875 0.58203125 0.615234375 0.5924479166666666 0.61328125 0.6080729166666666 0.61328125 0.62109375 0.6171875 0.64453125 0.6513671875 0.7265625
4 0.595703125 0.9466145833333334 0.6025390625 0.9557291666666666 0.6083984375 0.9609375 0.6142578125 0.9635416666666666 0.6298828125 0.9635416666666666 0.6396484375 0.9583333333333334 0.6484375 0.9466145833333334 0.65625 0.9283854166666666 0.658203125 0.91796875 0.658203125 0.8893229166666666 0.654296875 0.80859375 0.6513671875 0.8020833333333334 0.6318359375 0.7890625 0.6064453125 0.7890625 0.5927734375 0.796875 0.58984375 0.80078125 0.58984375 0.9283854166666666 0.591796875 0.9388020833333334 0.595703125 0.9466145833333334
6 0.5361328125 0.7447916666666666 0.5439453125 0.7447916666666666 0.548828125 0.73828125 0.556640625 0.7096354166666666 0.57421875 0.6393229166666666 0.57421875 0.62890625 0.5693359375 0.625 0.5126953125 0.5989583333333334 0.5068359375 0.5989583333333334 0.501953125 0.6080729166666666 0.4765625 0.6940104166666666 0.474609375 0.7018229166666666 0.474609375 0.7122395833333334 0.4775390625 0.7161458333333334 0.5361328125 0.7447916666666666
7 0.44921875 0.91015625 0.4638671875 0.9296875 0.4775390625 0.9401041666666666 0.4853515625 0.9427083333333334 0.4912109375 0.9427083333333334 0.5029296875 0.9348958333333334 0.509765625 0.92578125 0.51953125 0.9049479166666666 0.51953125 0.8815104166666666 0.509765625 0.8580729166666666 0.4912109375 0.828125 0.4775390625 0.8255208333333334 0.4619140625 0.8255208333333334 0.4541015625 0.8333333333333334 0.4453125 0.8450520833333334 0.443359375 0.8528645833333334 0.44140625 0.86328125 0.44140625 0.88671875 0.443359375 0.8971354166666666 0.44921875 0.91015625
5 0.4931640625 0.7708333333333334 0.5849609375 0.7864583333333334 0.6103515625 0.7864583333333334 0.61328125 0.7825520833333334 0.6083984375 0.7760416666666666 0.5947265625 0.7708333333333334 0.5029296875 0.7526041666666666 0.4951171875 0.7526041666666666 0.4853515625 0.7552083333333334 0.482421875 0.7591145833333334 0.482421875 0.7643229166666666 0.4853515625 0.7682291666666666 0.4931640625 0.7708333333333334
5 0.4892578125 0.8151041666666666 0.5830078125 0.7994791666666666 0.58984375 0.79296875 0.58984375 0.7877604166666666 0.5810546875 0.7838541666666666 0.5693359375 0.7838541666666666 0.4853515625 0.7916666666666666 0.4775390625 0.7942708333333334 0.4599609375 0.8046875 0.458984375 0.8059895833333334 0.458984375 0.8111979166666666 0.4619140625 0.8151041666666666 0.4892578125 0.8151041666666666
3 0.251953125 0.8736979166666666 0.25390625 0.87890625 0.2548828125 0.8802083333333334 0.2626953125 0.8802083333333334 0.2900390625 0.8723958333333334 0.3173828125 0.8619791666666666 0.322265625 0.8528645833333334 0.322265625 0.8424479166666666 0.31640625 0.7721354166666666 0.30859375 0.69140625 0.306640625 0.6809895833333334 0.3037109375 0.6770833333333334 0.2978515625 0.6770833333333334 0.2490234375 0.6927083333333334 0.2451171875 0.6953125 0.2421875 0.69921875 0.2421875 0.7356770833333334 0.25 0.8580729166666666 0.251953125 0.8736979166666666
15 0.1982421875 0.6119791666666666 0.2138671875 0.6119791666666666 0.2275390625 0.6041666666666666 0.2431640625 0.59375 0.259765625 0.57421875 0.283203125 0.5299479166666666 0.29296875 0.49609375 0.29296875 0.48828125 0.2861328125 0.4791666666666667 0.2666015625 0.4739583333333333 0.2607421875 0.4739583333333333 0.2041015625 0.5104166666666666 0.19140625 0.52734375 0.181640625 0.5559895833333334 0.177734375 0.5716145833333334 0.177734375 0.5846354166666666 0.1845703125 0.6041666666666666 0.1982421875 0.6119791666666666
8 0 0.5377604166666666 0.0068359375 0.546875 0.0615234375 0.6041666666666666 0.1005859375 0.6041666666666666 0.1123046875 0.6015625 0.115234375 0.59765625 0.1171875 0.5924479166666666 0.1171875 0.5716145833333334 0.11328125 0.5638020833333334 0.0576171875 0.4895833333333333 0.0439453125 0.4739583333333333 0.0361328125 0.46875 0.0009765625 0.4583333333333333 0 0.4596354166666667 0 0.5377604166666666
5 0.125 0.69921875 0.171875 0.78515625 0.1767578125 0.7916666666666666 0.1806640625 0.7916666666666666 0.18359375 0.7877604166666666 0.18359375 0.7825520833333334 0.1796875 0.7721354166666666 0.134765625 0.6783854166666666 0.1220703125 0.65625 0.1123046875 0.65625 0.111328125 0.6575520833333334 0.111328125 0.66796875 0.1171875 0.68359375 0.125 0.69921875
15 0 0.90234375 0.0009765625 0.9036458333333334 0.0810546875 0.8802083333333334 0.0888671875 0.875 0.126953125 0.82421875 0.109375 0.7408854166666666 0.1015625 0.72265625 0.0947265625 0.7135416666666666 0.0888671875 0.7083333333333334 0.0830078125 0.7057291666666666 0.0654296875 0.7057291666666666 0.0556640625 0.7083333333333334 0.0380859375 0.71875 0.02734375 0.7330729166666666 0.0234375 0.7408854166666666 0.017578125 0.7643229166666666 0 0.89453125 0 0.90234375