12 0.9830729171874999 1 0.9973958328125001 0.9755859375 1 0.9677734375 0.9973958328125001 0.6611328125 0.9479166671874999 0.5615234375 0.9401041671874999 0.5517578125 0.93359375 0.546875 0.9283854171874999 0.544921875 0.8299588468750001 0.5901062479166667 0.69921875 0.50390625 0.6940104171875 0.50390625 0.6783854171875 0.513671875 0.671875 0.5205078125 0.4375 0.8330078125 0.4375 0.8408203125 0.4544270828125 0.853515625 0.5638020828125 0.923828125 0.6861979171875 1 0.9830729171874999 1
5 0.68359375 0.85546875 0.6848958328125 0.8525390625 0.6822916671875 0.8505859375 0.6861979171875 0.84765625 0.6966145828125 0.84765625 0.69921875 0.849609375 0.7591145828125 0.849609375 0.76171875 0.8515625 0.8294270828125001 0.8515625 0.8372395828125001 0.84765625 0.8424479171874999 0.84765625 0.8450520828125001 0.845703125 0.84765625 0.845703125 0.8515625 0.8427734375 0.8411458328125001 0.8349609375 0.8411458328125001 0.8330078125 0.8502604171874999 0.826171875 0.8658854171874999 0.826171875 0.8684895828125001 0.82421875 0.87109375 0.82421875 0.8723958328125001 0.8232421875 0.8723958328125001 0.8173828125 0.8658854171874999 0.8125 0.8580729171874999 0.8125 0.85546875 0.810546875 0.8528645828125001 0.810546875 0.8450520828125001 0.806640625 0.8216145828125001 0.806640625 0.8190104171874999 0.8046875 0.7486979171875 0.8046875 0.74609375 0.802734375 0.69921875 0.802734375 0.6966145828125 0.80078125 0.66796875 0.80078125 0.6653645828125 0.798828125 0.58984375 0.798828125 0.5872395828125 0.80078125 0.5794270828125 0.80078125 0.5768229171875 0.802734375 0.57421875 0.802734375 0.5703125 0.8056640625 0.5703125 0.8115234375 0.57421875 0.814453125 0.58203125 0.81640625 0.5859375 0.8193359375 0.5859375 0.8232421875 0.58203125 0.82421875 0.5794270828125 0.826171875 0.5638020828125 0.826171875 0.5611979171875 0.828125 0.55859375 0.828125 0.5520833328125 0.8330078125 0.5546875 0.8349609375 0.5546875 0.8369140625 0.55859375 0.83984375 0.5611979171875 0.83984375 0.5638020828125 0.841796875 0.57421875 0.841796875 0.5755208328125 0.8427734375 0.5755208328125 0.8466796875 0.5729166671875 0.8486328125 0.5729166671875 0.8544921875 0.5768229171875 0.857421875 0.58203125 0.857421875 0.5846354171875 0.859375 0.6627604171875 0.859375 0.6640625 0.8583984375 0.6653645828125 0.857421875 0.6783854171875 0.857421875 0.6809895828125 0.85546875 0.68359375 0.85546875
5 0.1809895828125 0.4921875 0.1848958328125 0.4853515625 0.1875 0.4755859375 0.203125 0.3740234375 0.203125 0.3544921875 0.20052083281250002 0.3447265625 0.1979166671875 0.3408203125 0.19140625 0.337890625 0.1848958328125 0.3408203125 0.1770833328125 0.3916015625 0.1692708328125 0.4736328125 0.171875 0.4873046875 0.17578125 0.4921875 0.1809895828125 0.4921875
5 0.1536458328125 0.4541015625 0.1588541671875 0.4638671875 0.16015625 0.46484375 0.16796875 0.46484375 0.171875 0.4599609375 0.171875 0.4404296875 0.15625 0.3388671875 0.1536458328125 0.3310546875 0.140625 0.3134765625 0.13671875 0.310546875 0.1315104171875 0.310546875 0.1276041671875 0.3134765625 0.1276041671875 0.3291015625 0.1354166671875 0.3720703125 0.1536458328125 0.4541015625
7 0 0.3623046875 0.01171875 0.37109375 0.01953125 0.375 0.0247395828125 0.376953125 0.0481770828125 0.376953125 0.07161458281250001 0.369140625 0.1145833328125 0.3466796875 0.1171875 0.3408203125 0.1171875 0.3212890625 0.1145833328125 0.3076171875 0.08984375 0.2890625 0.06640625 0.283203125 0.0325520828125 0.283203125 0.014322917187500001 0.2890625 0.0026041671875 0.2978515625 0 0.3017578125 0 0.3623046875
3 0.0625 0.1337890625 0.06901041718749999 0.138671875 0.07421875 0.140625 0.2721354171875 0.134765625 0.27734375 0.1328125 0.28125 0.1279296875 0.2630208328125 0.0712890625 0.2552083328125 0.0576171875 0.24869791718749998 0.0546875 0.09505208281250001 0.052734375 0.0403645828125 0.0546875 0.0390625 0.0556640625 0.0390625 0.0712890625 0.05989583281250001 0.1279296875 0.0625 0.1337890625
15 0.3606770828125 0 0.3541666671875 0.0048828125 0.3515625 0.0087890625 0.3515625 0.0322265625 0.375 0.0693359375 0.3880208328125 0.0830078125 0.3997395828125 0.091796875 0.4518229171875 0.123046875 0.48828125 0.134765625 0.49609375 0.1328125 0.5052083328125 0.1240234375 0.5078125 0.1123046875 0.5078125 0.0947265625 0.4739583328125 0.0341796875 0.4635416671875 0.0205078125 0.4518229171875 0.01171875 0.4440104171875 0.0078125 0.4283854171875 0.001953125 0.41796875 0 0.3606770828125 0
12 0.4518229171875 0 0.4505208328125 0.0029296875 0.4622395828125 0.009765625 0.52734375 0.0234375 0.53125 0.0224609375 0.5442708328125 0.0009765625 0.54296875 0 0.4518229171875 0
6 0.22786458281250002 0.419921875 0.2955729171875 0.439453125 0.33203125 0.44921875 0.3502604171875 0.44921875 0.3567708328125 0.4404296875 0.375 0.3955078125 0.3802083328125 0.3798828125 0.3802083328125 0.3720703125 0.3658854171875 0.365234375 0.25390625 0.330078125 0.2513020828125 0.330078125 0.24739583281250002 0.3330078125 0.2421875 0.3427734375 0.21614583281250002 0.4033203125 0.21614583281250002 0.4130859375 0.22265625 0.41796875 0.22786458281250002 0.419921875
4 0 0.5341796875 0.01171875 0.5390625 0.0377604171875 0.541015625 0.1471354171875 0.537109375 0.15625 0.5302734375 0.1692708328125 0.5107421875 0.171875 0.4873046875 0.1588541671875 0.4658203125 0.15234375 0.4609375 0.014322917187500001 0.458984375 0.009114582812499999 0.458984375 0.0013020828125 0.4609375 0 0.4619140625 0 0.5341796875
15 0.24869791718749998 0.611328125 0.3528645828125 0.607421875 0.421875 0.5498046875 0.4270833328125 0.5419921875 0.4270833328125 0.5283203125 0.4244791671875 0.5224609375 0.4166666671875 0.5126953125 0.4075520828125 0.5078125 0.3216145828125 0.5078125 0.24609375 0.53515625 0.2421875 0.5380859375 0.23958333281250002 0.5419921875 0.23958333281250002 0.5478515625 0.24479166718749998 0.6083984375 0.24869791718749998 0.611328125