8 0.39453125 0.26953125 0.396484375 0.2747395833333333 0.4013671875 0.28125 0.4228515625 0.28125 0.4541015625 0.2786458333333333 0.4599609375 0.2760416666666667 0.462890625 0.2721354166666667 0.4609375 0.19921875 0.458984375 0.16276041666666666 0.453125 0.11848958333333333 0.435546875 0.06380208333333333 0.4287109375 0.0546875 0.4228515625 0.052083333333333336 0.4091796875 0.052083333333333336 0.4033203125 0.0546875 0.396484375 0.06380208333333333 0.384765625 0.13411458333333334 0.384765625 0.16276041666666666 0.392578125 0.2565104166666667 0.39453125 0.26953125
12 0.07763221875000001 0.4505208333333333 0.19593154375 0.42121250416666667 0.42621158125 0.37734963958333334 0.39306190625 0.2669270833333333 0.387025271875 0.18641717291666668 0.37396316875 0.190287425 0.36669471875 0.171875 0.35888221875 0.171875 0.11610758125000001 0.22447465833333335 0.05614784375 0.21875 0.05126503125 0.22265625 0.045405656249999995 0.4466145833333333 0.05224159375 0.453125 0.06200721875 0.453125 0.07763221875000001 0.4505208333333333
4 0.0849609375 0.5286458333333334 0.1025390625 0.5390625 0.1181640625 0.5390625 0.1279296875 0.5364583333333334 0.1376953125 0.53125 0.1513671875 0.5208333333333334 0.158203125 0.51171875 0.185546875 0.4622395833333333 0.189453125 0.4544270833333333 0.193359375 0.4388020833333333 0.19140625 0.4153645833333333 0.1806640625 0.4010416666666667 0.1669921875 0.3932291666666667 0.1416015625 0.3932291666666667 0.1337890625 0.3958333333333333 0.1220703125 0.4010416666666667 0.1103515625 0.4114583333333333 0.1015625 0.4231770833333333 0.08984375 0.4440104166666667 0.080078125 0.46484375 0.072265625 0.4856770833333333 0.072265625 0.50390625 0.078125 0.51953125 0.0849609375 0.5286458333333334
7 0.1962890625 0.7057291666666666 0.2060546875 0.7083333333333334 0.2255859375 0.7083333333333334 0.23046875 0.7018229166666666 0.2421875 0.6731770833333334 0.25390625 0.6028645833333334 0.25390625 0.5950520833333334 0.240234375 0.5403645833333334 0.2353515625 0.5338541666666666 0.2294921875 0.53125 0.1904296875 0.5338541666666666 0.1826171875 0.5364583333333334 0.1689453125 0.5520833333333334 0.158203125 0.5690104166666666 0.154296875 0.59765625 0.154296875 0.60546875 0.193359375 0.7018229166666666 0.1962890625 0.7057291666666666
3 0.3134765625 0.546875 0.3193359375 0.5494791666666666 0.3330078125 0.5494791666666666 0.42621158125 0.5379651291666666 0.419921875 0.4518229166666667 0.4140625 0.3528645833333333 0.412109375 0.33203125 0.41015625 0.3268229166666667 0.4072265625 0.3229166666666667 0.3798828125 0.3229166666666667 0.3505859375 0.3255208333333333 0.3212890625 0.3307291666666667 0.3173828125 0.3333333333333333 0.3125 0.3424479166666667 0.310546875 0.3763020833333333 0.30859375 0.48046875 0.30859375 0.5377604166666666 0.310546875 0.54296875 0.3134765625 0.546875
6 0.404296875 0.6627604166666666 0.4072265625 0.6666666666666666 0.4228515625 0.6666666666666666 0.4599609375 0.6536458333333334 0.5576171875 0.6145833333333334 0.5673828125 0.609375 0.5703125 0.60546875 0.5703125 0.58984375 0.537109375 0.48046875 0.529296875 0.4596354166666667 0.5244140625 0.453125 0.5107421875 0.453125 0.3857421875 0.4973958333333333 0.3740234375 0.5052083333333334 0.373046875 0.5065104166666666 0.373046875 0.5221354166666666 0.400390625 0.6497395833333334 0.404296875 0.6627604166666666
15 0.7158203125 0.546875 0.7763671875 0.5833333333333334 0.779296875 0.58203125 0.8046875 0.51953125 0.806640625 0.51171875 0.806640625 0.4986979166666667 0.802734375 0.4830729166666667 0.7890625 0.4518229166666667 0.7783203125 0.4375 0.7568359375 0.4166666666666667 0.7470703125 0.4114583333333333 0.6787109375 0.4166666666666667 0.6748046875 0.4192708333333333 0.6474609375 0.4479166666666667 0.642578125 0.4544270833333333 0.642578125 0.46484375 0.6494140625 0.4739583333333333 0.7158203125 0.546875
15 0.6708984375 0.3489583333333333 0.6767578125 0.3541666666666667 0.6884765625 0.359375 0.7314453125 0.3567708333333333 0.7353515625 0.3541666666666667 0.740234375 0.34765625 0.751953125 0.32421875 0.755859375 0.3111979166666667 0.755859375 0.3033854166666667 0.751953125 0.2903645833333333 0.736328125 0.2565104166666667 0.7333984375 0.2526041666666667 0.6806640625 0.265625 0.6689453125 0.2734375 0.658203125 0.2877604166666667 0.65625 0.29296875 0.654296875 0.30078125 0.65625 0.3216145833333333 0.662109375 0.3372395833333333 0.6708984375 0.3489583333333333
15 0.8564453125 0.5182291666666666 0.8779296875 0.5182291666666666 0.8876953125 0.5104166666666666 0.890625 0.5065104166666666 0.912109375 0.45703125 0.91796875 0.4388020833333333 0.91796875 0.4231770833333333 0.9140625 0.4075520833333333 0.904296875 0.38671875 0.8720703125 0.3463541666666667 0.8623046875 0.3359375 0.8349609375 0.3177083333333333 0.8251953125 0.3177083333333333 0.81640625 0.3294270833333333 0.798828125 0.3580729166666667 0.796875 0.3684895833333333 0.8046875 0.3971354166666667 0.841796875 0.5091145833333334 0.8564453125 0.5182291666666666
5 0.8134765625 1 0.81640625 0.99609375 0.81640625 0.9856770833333334 0.80078125 0.8971354166666666 0.787109375 0.8346354166666666 0.77734375 0.8059895833333334 0.7744140625 0.8020833333333334 0.7685546875 0.8020833333333334 0.763671875 0.80859375 0.759765625 0.8190104166666666 0.759765625 0.83203125 0.765625 0.87109375 0.79296875 0.99609375 0.7958984375 1 0.8134765625 1
1 0.890625 0.9622395833333334 0.8955078125 0.96875 0.9423828125 0.9583333333333334 0.947265625 0.9544270833333334 0.951171875 0.9231770833333334 0.951171875 0.9049479166666666 0.94921875 0.8841145833333334 0.919921875 0.71484375 0.9140625 0.6888020833333334 0.91015625 0.6809895833333334 0.8994140625 0.6666666666666666 0.8408203125 0.6692708333333334 0.837890625 0.6731770833333334 0.837890625 0.68359375 0.888671875 0.95703125 0.890625 0.9622395833333334
5 0.3544921875 1 0.357421875 0.9934895833333334 0.361328125 0.9752604166666666 0.392578125 0.77734375 0.3984375 0.73828125 0.3984375 0.73046875 0.3955078125 0.7265625 0.3896484375 0.7265625 0.384765625 0.7408854166666666 0.341796875 0.95703125 0.33984375 0.9700520833333334 0.33984375 0.9986979166666666 0.3408203125 1 0.3544921875 1
5 0.3310546875 1 0.3359375 0.98828125 0.3671875 0.8424479166666666 0.380859375 0.7669270833333334 0.3828125 0.7434895833333334 0.3779296875 0.7369791666666666 0.3740234375 0.7369791666666666 0.369140625 0.7434895833333334 0.35546875 0.7721354166666666 0.34765625 0.79296875 0.3359375 0.85546875 0.3125 0.9934895833333334 0.3125 0.99609375 0.3154296875 1 0.3310546875 1
2 0.2568359375 0.9401041666666666 0.298828125 0.92578125 0.330078125 0.8111979166666666 0.330078125 0.8059895833333334 0.328125 0.80078125 0.3212890625 0.7916666666666666 0.3173828125 0.7890625 0.3095703125 0.7864583333333334 0.2724609375 0.7864583333333334 0.2158203125 0.8151041666666666 0.2119140625 0.8177083333333334 0.20703125 0.82421875 0.1953125 0.87109375 0.1953125 0.87890625 0.2490234375 0.9401041666666666 0.2568359375 0.9401041666666666