0 0.13203125 0.19166666666666668 0.17265625 0.33229166666666665
0 0.309375 0.17916666666666667 0.18203125 0.3145833333333333
0 0.5 0.175 0.190625 0.30520833333333336
0 0.6796875 0.175 0.16796875 0.28854166666666664
0 0.859375 0.175 0.16328125 0.28854166666666664
0 0.865625 0.47604166666666664 0.16796875 0.296875
0 0.6796875 0.484375 0.17734375 0.3229166666666667
0 0.50234375 0.4822916666666667 0.17734375 0.29270833333333335
0 0.31328125 0.47604166666666664 0.18203125 0.296875
0 0.1296875 0.49166666666666664 0.17734375 0.2833333333333333
0 0.875 0.7864583333333334 0.17734375 0.3145833333333333
0 0.68828125 0.8083333333333333 0.18671875 0.3145833333333333
0 0.50234375 0.8010416666666667 0.17734375 0.32708333333333334
0 0.32265625 0.7791666666666667 0.17265625 0.30104166666666665
0 0.13828125 0.796875 0.18671875 0.3104166666666667