0 0.8109375 0.278125 0.246875 0.55625
0 0.56015625 0.296875 0.2703125 0.5927083333333333
0 0.28203125 0.33229166666666665 0.32421875 0.6645833333333333
0 0.06171875 0.059375 0.1234375 0.11875
0 0.90546875 0.7395833333333334 0.15078125 0.38645833333333335
0 0.79921875 0.8427083333333333 0.2546875 0.30416666666666664
0 0.59453125 0.94375 0.2546875 0.103125
0 0.61953125 0.7114583333333333 0.2203125 0.36041666666666666
0 0.4265625 0.821875 0.24296875 0.3458333333333333
0 0.19296875 0.9197916666666667 0.29375 0.15
0 0.10625 0.8145833333333333 0.2125 0.36041666666666666
0 0.05 0.5645833333333333 0.1 0.190625