0 0.64765625 0.828125 0.5015625 0.3333333333333333
0 0.1984375 0.85 0.39609375 0.28958333333333336
0 0.3578125 0.6916666666666667 0.44765625 0.540625
0 0.77421875 0.6583333333333333 0.41484375 0.5083333333333333
0 0.94765625 0.8145833333333333 0.0984375 0.36041666666666666
0 0.06875 0.6229166666666667 0.1375 0.2625
0 0.14921875 0.47291666666666665 0.2984375 0.3875
0 0.490625 0.44583333333333336 0.378125 0.42083333333333334
0 0.834375 0.3958333333333333 0.3234375 0.365625
0 0.89453125 0.16666666666666666 0.20390625 0.19166666666666668
0 0.62578125 0.24270833333333333 0.3125 0.31145833333333334
0 0.2796875 0.25104166666666666 0.334375 0.30625
0 0.05625 0.215625 0.1125 0.14791666666666667