1 0.18828125 0.503125 0.1546875 0.3046875
1 0.34765625 0.23828125 0.21484375 0.328125
1 0.4828125 0.17265625 0.1359375 0.284375
1 0.69375 0.67109375 0.12890625 0.4140625
1 0.3015625 0.53203125 0.1375 0.30234375
1 0.74296875 0.2734375 0.18984375 0.325
1 0.93984375 0.628125 0.1171875 0.4484375
1 0.321875 0.79140625 0.1609375 0.25078125
1 0.49921875 0.78125 0.21328125 0.16875
1 0.42578125 0.5171875 0.13515625 0.30859375
1 0.821875 0.68203125 0.12109375 0.2890625
1 0.84921875 0.3859375 0.17734375 0.31328125
1 0.0609375 0.490625 0.121875 0.31640625
1 0.17109375 0.22578125 0.1421875 0.25703125
1 0.596875 0.19765625 0.19375 0.3015625
1 0.09296875 0.74453125 0.18046875 0.21953125