0 0.43046875 0.16328125 0.2 0.1734375
2 0.834375 0.26484375 0.33125 0.5296875
2 0.32421875 0.7171875 0.2109375 0.196875
2 0.03359375 0.74296875 0.0671875 0.1921875
2 0.0671875 0.921875 0.134375 0.15625
2 0.26875 0.6015625 0.209375 0.14375
2 0.37421875 0.85859375 0.2125 0.1921875
2 0.415625 0.94609375 0.209375 0.1078125
2 0.5015625 0.59140625 0.1875 0.1234375
2 0.55703125 0.7203125 0.1890625 0.16875
2 0.58828125 0.85859375 0.1609375 0.1640625
2 0.6109375 0.95625 0.115625 0.0875
0 0.73828125 0.5828125 0.121875 0.0796875