1 0.78359375 0.7125 0.1390625 0.39921875
1 0.9296875 0.7125 0.134375 0.41015625
1 0.6515625 0.7109375 0.140625 0.4046875
1 0.78515625 0.20546875 0.15078125 0.40546875
1 0.07265625 0.7078125 0.1453125 0.4078125
1 0.92890625 0.20546875 0.1375 0.40234375
1 0.07109375 0.20859375 0.1421875 0.41484375
1 0.64453125 0.2046875 0.13515625 0.40859375
1 0.2234375 0.20859375 0.14140625 0.415625
1 0.21953125 0.71171875 0.13828125 0.4109375
1 0.50390625 0.7109375 0.140625 0.4109375
1 0.5015625 0.2046875 0.146875 0.409375
1 0.36171875 0.209375 0.134375 0.40703125
1 0.35546875 0.71171875 0.13984375 0.403125